1
15 14 
1
16 14 
1
17 14 
1
18 14 
1
19 14 
1
19 13 
1
19 12 
1
19 11 
1
19 10 
2
19 9 19 10 
2
19 8 19 9 
2
19 7 19 8 
2
18 7 19 7 
2
17 7 18 7 
2
16 7 17 7 
2
15 7 16 7 
2
14 7 15 7 
2
13 7 14 7 
2
12 7 13 7 
2
12 8 12 7 
2
11 8 12 8 
2
10 8 11 8 
2
9 8 10 8 
2
9 9 9 8 
2
9 10 9 9 
2
9 11 9 10 
2
9 12 9 11 
2
9 14 9 13 
2
9 15 9 14 
2
9 16 9 15 
2
9 17 9 16 
2
9 18 9 17 
2
9 19 9 18 
2
9 20 9 19 
3
9 21 9 20 9 19 
3
10 21 9 21 9 20 
3
11 21 10 21 9 21 
3
11 20 11 21 10 21 
3
11 19 11 20 11 21 
3
10 19 11 19 11 20 
3
9 19 10 19 11 19 
3
8 19 9 19 10 19 
3
7 19 8 19 9 19 
3
6 19 7 19 8 19 
3
5 19 6 19 7 19 
3
4 19 5 19 6 19 
3
3 19 4 19 5 19 
3
2 19 3 19 4 19 
3
1 19 2 19 3 19 
4
1 18 1 19 2 19 3 19 
4
1 17 1 18 1 19 2 19 
4
1 16 1 17 1 18 1 19 
4
1 15 1 16 1 17 1 18 
4
1 14 1 15 1 16 1 17 
4
1 13 1 14 1 15 1 16 
4
1 12 1 13 1 14 1 15 
4
1 11 1 12 1 13 1 14 
4
1 10 1 11 1 12 1 13 
4
1 9 1 10 1 11 1 12 
4
1 8 1 9 1 10 1 11 
4
1 7 1 8 1 9 1 10 
5
2 7 1 7 1 8 1 9 1 10 
5
3 7 2 7 1 7 1 8 1 9 
5
4 7 3 7 2 7 1 7 1 8 
5
5 7 4 7 3 7 2 7 1 7 
5
6 7 5 7 4 7 3 7 2 7 
5
7 7 6 7 5 7 4 7 3 7 
5
7 8 7 7 6 7 5 7 4 7 
5
6 8 7 8 7 7 6 7 5 7 
5
5 8 6 8 7 8 7 7 6 7 
5
4 8 5 8 6 8 7 8 7 7 
5
3 8 4 8 5 8 6 8 7 8 
5
2 8 3 8 4 8 5 8 6 8 
5
1 8 2 8 3 8 4 8 5 8 
